0 0 0
498 0 0
0 475 0
498 475 0
319.465 35.0143 333.589
353.846 26.5154 82.7606
412.101 33.7851 106.634
251.137 40.3488 246.372
284.252 40.2507 217.087
434.5 31.5 16.5521
123.5 32 1.90986
110.508 44.7588 135.918
224.257 46.9793 138.465
440 35.2857 2.22817
345 36.5 1.90986
359.188 40.2812 10.1859
425.388 46.4673 68.1183
347.42 47.9882 53.7944
392.267 54.4207 144.513
338 44 0.31831
364 45 0.31831
377.818 46.1818 3.50141
376.082 53.1429 15.5972
132.419 52.4516 9.86761
142.805 55.7031 40.7437
192.341 63.486 193.214
364.156 52.875 10.1859
209.721 57.75 21.6451
332.32 60.8963 76.7127
356.833 52.8333 1.90986
167.536 61.5459 65.8901
99.2405 82.5939 791.637
354.727 58 7.00282
414.279 74.1034 227.91
285.289 62.0444 14.3239
302.738 68.1118 99.631
363.756 62 13.0507
377.061 68.3487 83.0789
225.406 80.3427 418.896
348.803 64.1148 19.4169
261.426 77.236 215.814
33.9052 66.8017 36.9239
133.379 69.3136 53.7944
152.105 73.6088 115.546
363.944 87.1421 244.144
174.471 79.6111 97.4028
284.91 83.1397 145.786
323.889 74.1111 2.86479
391.062 77.8625 25.4648
310.658 86.5185 111.727
333.614 86.1358 103.132
129 78 0.31831
428.333 80.3333 0.95493
383.474 86.4742 30.8761
346.359 86.6923 12.4141
61.9448 90.8414 46.1549
191.595 99.717 250.828
433.158 92.9842 60.4789
139.464 94.016 39.7887
166.023 96.9769 82.7606
393.66 102.133 143.239
293.627 102.588 81.169
447.529 95.6471 5.41127
272.302 110.43 220.589
348.642 102.15 55.0676
447.506 115.345 162.338
313.049 107.316 78.6225
150.595 107.635 63.662
338.091 101.364 3.50141
425.609 111.503 107.589
246.96 122.831 355.234
214.465 119.484 218.997
77.2466 111.089 46.4732
339.026 131.507 531.578
376.126 114.929 40.4254
407.029 120.791 141.33
134.289 127.648 282.341
364.133 116.492 38.1972
109.599 119.504 90.4
92.8333 115.933 9.5493
179.798 125.808 182.71
297.199 127.77 221.862
386.957 124 14.9606
94.2699 133.754 91.9916
433.943 127.114 28.0113
378.5 126.5 5.09296
157.894 136.065 54.1127
391.393 143.369 187.803
198.723 149.091 298.893
373.617 136.432 25.7831
74.4615 142.338 41.3803
278.339 142.169 39.4704
114 140.5 14.0056
230.664 156.481 307.487
314.693 159.476 375.287
427.4 141.537 25.4648
369.983 155.329 132.735
267.526 141.579 6.04789
170.581 148.2 49.338
416.157 151.413 74.8028
258.203 158.932 200.217
149.75 148.417 15.2789
437.123 161.176 168.386
289.409 152.032 29.6028
111.685 157.617 98.9944
132.684 161.929 125.732
162.745 185.548 728.293
281.524 171.632 235.231
58.024 175.017 384.518
395.338 188.303 473.963
345.216 166.338 23.5549
453.035 168.07 18.1437
416.975 170.062 25.4648
206.405 187.25 393.431
88.5604 174.385 28.9662
360.45 172.5 19.0986
370.391 173.217 7.32113
125.615 176.615 4.13803
352.944 183.869 80.2141
248.217 196.88 379.744
93.8609 196.037 215.177
311.996 192.392 162.338
339.873 188.139 25.1465
124.848 193.247 77.3493
283.001 204.97 264.516
363.167 199.62 61.1155
332.903 197.516 9.86761
221.985 225.611 485.741
115.639 215.65 145.468
336.089 208.812 32.1493
409.171 216.131 87.5352
308.362 217.771 123.823
431.248 224.238 261.014
74.1143 217.905 33.4225
329.628 219.329 52.2028
94.4839 218.266 39.4704
187.067 233.383 335.499
450.156 217.344 20.3718
153.903 231.075 144.513
390.423 226.604 47.4282
272.326 228.235 59.5239
128.065 236.842 151.516
293.514 236.216 142.921
256.276 228.586 9.23099
369.611 239.344 198.944
95.4085 242.283 248.6
410.902 238.635 100.268
331.985 235.66 61.7521
111.5 231.5 1.27324
249.607 242.166 111.09
315.979 239.394 59.8423
450.581 238.548 9.86761
268.105 244.484 39.4704
438.482 247.36 36.2873
156.517 255.344 183.346
387.71 270.194 489.879
141.654 246.346 8.27606
448.053 245.684 6.04789
59.2724 261.649 231.411
77.7882 251.718 27.0563
454.014 260.393 175.707
283.587 259.047 127.961
319.067 266.649 359.372
215.389 269.219 353.006
239.983 258.407 56.3408
262 251 0.31831
360.238 258.256 53.4761
411.5 252.833 1.90986
418.619 263.623 82.7606
117.648 272.004 271.837
181.708 266.772 103.451
256.366 261.505 29.6028
265.58 266.358 25.7831
82 266.865 23.5549
348.268 281.174 236.504
89 263 0.31831
96.663 268.815 29.2845
436.5 265.5 3.81972
244.975 276.671 75.4394
292.368 279.514 110.772
434.651 280.26 156.927
160.179 281.263 179.208
80.2849 282.215 54.7493
193.287 294.123 282.659
458.545 278.818 7.00282
272.344 284.656 41.6986
452.575 283.55 12.7324
136.69 295.628 163.293
49.6667 285.467 4.77465
99.5086 288.552 36.9239
363 285 3.50141
401.968 303.966 320.22
332.344 293.428 68.4366
304.206 291.098 32.4676
368.633 289.167 9.5493
67.5059 306.439 377.516
248.335 294.759 54.1127
451.295 297.946 99.3127
114.638 295.8 25.4648
285.066 301.762 92.3099
263.542 296.771 15.2789
164.569 304.167 118.093
314.154 322.582 678
432.52 297.24 7.95775
370.908 303.154 20.6901
466.614 300.023 14.0056
427.882 312.531 126.369
219.125 301.875 2.54648
110.652 319.195 275.338
230.748 317.022 206.901
266.951 310.371 71.3014
443.988 312.155 26.738
149.244 312.122 13.0507
369 310 0.31831
181.487 315.897 12.4141
343.403 316.306 22.9183
359.141 319.443 61.1155
380.565 315.391 7.32113
189.93 332.038 109.817
201.778 317.333 11.4592
257.28 317.84 7.95775
137.741 324.363 67.4817
163.877 332.634 231.093
278.832 322.881 32.1493
251.416 327.656 49.0197
391.091 339.217 230.138
435.506 337.93 190.031
218.899 332.172 31.5127
414.398 333.539 40.7437
77.196 364.158 1157.69
273.839 334.464 35.6507
205.5 332.5 8.91268
346.894 342.363 117.456
122.709 336.964 17.507
232.5 342.118 70.0282
258.723 354.067 282.977
206.191 350.085 179.845
113.872 345.44 44.8817
133 345.418 54.1127
464.797 344.97 42.3352
286.649 355.559 124.141
366.425 349.35 12.7324
151.433 353.91 42.6535
232.388 369.03 279.158
329.909 360.084 94.8563
127.627 362.696 143.239
312.023 357.562 40.7437
361.271 360.024 27.0563
411.179 357.607 8.91268
175.494 361.582 25.1465
421.025 359.675 12.7324
439.127 365.963 77.6676
457.071 368.33 62.707
467.542 361.583 7.63944
379.5 361 1.90986
157.167 366.125 30.5577
403.5 364 9.5493
350.518 370.835 90.4
203.24 380.274 297.62
310.249 373.963 76.7127
425.685 391.388 331.042
407.188 373.312 5.09296
330.537 380.507 72.2563
393.098 377.363 32.4676
120.616 381.314 27.3747
377.601 384.451 55.0676
404.667 377.333 0.95493
448.568 379.946 11.7775
42.8548 382.145 19.7352
386.8 382.4 4.77465
309 381 0.31831
263.667 382.667 0.95493
302.321 389.153 62.3887
304 383 0.31831
320.25 385.25 6.3662
362.532 389.073 39.4704
111 387 11.7775
346.5 384 0.63662
143.619 394.996 85.307
276.441 392.978 43.2901
463.615 388.615 4.13803
243.487 407.877 355.87
123.486 395.55 35.3324
333.201 400.983 128.279
396.323 404.078 166.794
454.466 398.738 60.7972
315.207 400.637 42.9718
185.348 400.152 29.2845
354.87 400.761 14.6423
370.585 404 78.3042
104.143 403.458 64.6169
295.153 412.105 227.273
52.1692 402.046 20.6901
165.279 411.564 182.71
206.612 410.779 171.569
65.0875 405.438 25.4648
350.091 403.364 3.50141
131.5 406.875 2.54648
452.72 414.822 49.9747
120.929 416.033 57.9324
141.848 422.114 159.473
272.988 422.911 133.054
186.101 419.298 63.0254
345.404 416.731 49.6563
431.363 423.236 144.513
378.508 420.48 81.4873
328.281 415.719 10.1859
107.433 428.844 120.639
400.898 422.542 18.7803
88.0413 434.901 77.031
164.456 437.503 122.231
209.103 431.256 12.4141
120.455 433.818 3.50141
135.484 438.097 9.86761
122.947 440.079 12.0958
70.3333 446.333 0.95493
133 448 0.31831
131.6 449.8 1.59155
