0 0 0
0.0168224 0 0
0 0.0160455 0
0.0168224 0.0160455 0
0.0107915 0.00118278 3.80654e-07
0.0119529 0.00089569 9.44371e-08
0.0139208 0.00114126 1.21679e-07
0.00848341 0.00136298 2.81132e-07
0.00960204 0.00135967 2.47716e-07
0.0146774 0.00106407 1.88874e-08
0.00417183 0.00108096 2.17932e-09
0.00373297 0.00151195 1.55095e-07
0.00757542 0.00158696 1.58001e-07
0.0148632 0.00119195 2.54254e-09
0.0116541 0.00123297 2.17932e-09
0.0121334 0.0013607 1.1623e-08
0.0143696 0.00156967 7.7729e-08
0.0117359 0.00162104 6.13841e-08
0.0132508 0.00183833 1.64902e-07
0.0114176 0.00148632 3.6322e-10
0.0122959 0.0015201 3.6322e-10
0.0127627 0.00156002 3.99542e-09
0.012704 0.00179517 1.77978e-08
0.00447313 0.00177182 1.12598e-08
0.00482394 0.00188165 4.64921e-08
0.00649728 0.00214456 2.20474e-07
0.0123012 0.00178612 1.1623e-08
0.00708436 0.0019508 2.46989e-08
0.0112258 0.00205708 8.7536e-08
0.0120538 0.00178471 2.17932e-09
0.00565937 0.00207902 7.51865e-08
0.00335234 0.00279002 9.03327e-07
0.0119827 0.00195924 7.99083e-09
0.0139944 0.00250321 2.60065e-07
0.00963706 0.00209586 1.63449e-08
0.0102265 0.00230082 1.13688e-07
0.0122877 0.00209436 1.4892e-08
0.0127371 0.00230882 9.48004e-08
0.00761421 0.00271398 4.77997e-07
0.0117826 0.0021658 2.21564e-08
0.00883098 0.00260903 2.46263e-07
0.00114532 0.00225656 4.21335e-08
0.00450553 0.00234141 6.13841e-08
0.0051381 0.00248651 1.31849e-07
0.012294 0.00294366 2.7859e-07
0.00589362 0.00268926 1.11145e-07
0.00962428 0.00280846 1.66355e-07
0.010941 0.00250347 3.26898e-09
0.0132101 0.0026302 2.90576e-08
0.010494 0.0029226 1.2749e-07
0.0112695 0.00290967 1.17683e-07
0.00435762 0.00263484 3.6322e-10
0.0144691 0.00271366 1.08966e-09
0.0129538 0.0029211 3.52323e-08
0.0117 0.00292847 1.41656e-08
0.0020925 0.00306862 5.26669e-08
0.00647209 0.00336844 2.86217e-07
0.0146321 0.00314101 6.90118e-08
0.00471109 0.00317586 4.54025e-08
0.00560826 0.00327588 9.44371e-08
0.0132978 0.00345006 1.63449e-07
0.00991874 0.00346543 9.2621e-08
0.0151175 0.00323096 6.17474e-09
0.00919835 0.00373033 2.51711e-07
0.0117771 0.00345064 6.2837e-08
0.0151167 0.00389636 1.85242e-07
0.0105748 0.00362513 8.97153e-08
0.0050871 0.00363591 7.26439e-08
0.0114207 0.00342406 3.99542e-09
0.0143771 0.00376657 1.22768e-07
0.0083423 0.00414922 4.05353e-07
0.00724463 0.00403617 2.49895e-07
0.00260939 0.00375259 5.30301e-08
0.0114523 0.00444231 6.06577e-07
0.0127055 0.00388231 4.61289e-08
0.0137494 0.0040803 1.6127e-07
0.00453627 0.00431196 3.22176e-07
0.0123004 0.00393509 4.35864e-08
0.00370224 0.00403683 1.03154e-07
0.00313591 0.00391623 1.08966e-08
0.00607357 0.00424981 2.08488e-07
0.0100394 0.00431609 2.53164e-07
0.0130714 0.00418872 1.70713e-08
0.00318444 0.00451822 1.04971e-07
0.0146586 0.0042939 3.19633e-08
0.0127857 0.00427317 5.81152e-09
0.00533366 0.00459627 6.17474e-08
0.0132213 0.00484302 2.143e-07
0.00671287 0.00503628 3.41063e-07
0.0126208 0.00460868 2.94208e-08
0.00251531 0.00480819 4.72186e-08
0.00940228 0.00480248 4.50392e-08
0.00385092 0.00474609 1.59817e-08
0.00779182 0.00528594 3.5087e-07
0.0106303 0.00538709 4.28236e-07
0.0144376 0.00478114 2.90576e-08
0.012498 0.005247 1.51463e-07
0.00903704 0.00478254 6.90118e-09
0.00576221 0.0050062 5.62991e-08
0.0140578 0.00511472 8.53566e-08
0.00872211 0.00536871 2.28465e-07
0.00505856 0.00501352 1.74345e-08
0.014766 0.00544452 1.92143e-07
0.00977622 0.00513565 3.37794e-08
0.00377272 0.00532431 1.12961e-07
0.00448205 0.00546997 1.43472e-07
0.00549753 0.00626781 8.31047e-07
0.00950987 0.00579773 2.68419e-07
0.00196005 0.00591209 4.38769e-07
0.0133545 0.00636087 5.40834e-07
0.0116614 0.00561889 2.68783e-08
0.0153035 0.00567741 2.07035e-08
0.0140854 0.00574471 2.90576e-08
0.00697237 0.00632531 4.4894e-07
0.00299157 0.00589071 3.3053e-08
0.012176 0.00582705 2.17932e-08
0.0125118 0.00585128 8.35405e-09
0.00424329 0.00596607 4.72186e-09
0.0119225 0.0062111 9.15314e-08
0.00838477 0.00665061 4.33321e-07
0.00317062 0.00662213 2.45537e-07
0.0105392 0.00649901 1.85242e-07
0.0114809 0.00635534 2.86944e-08
0.00421736 0.00652788 8.82624e-08
0.00955978 0.00692388 3.01836e-07
0.0122678 0.00674316 6.97382e-08
0.0112455 0.0066721 1.12598e-08
0.00749865 0.00762113 5.54273e-07
0.00390628 0.00728465 1.65991e-07
0.0113531 0.00705367 3.66852e-08
0.0138218 0.0073009 9.98854e-08
0.0104165 0.00735631 1.41292e-07
0.0145675 0.00757475 2.9784e-07
0.00250358 0.00736082 3.81381e-08
0.0111348 0.00740894 5.9568e-08
0.00319167 0.00737303 4.50392e-08
0.00631914 0.00788369 3.82834e-07
0.0152063 0.00734187 2.32461e-08
0.00519885 0.00780571 1.64902e-07
0.0131885 0.00765468 5.41197e-08
0.00919918 0.00770979 6.79221e-08
0.00432604 0.00800054 1.72893e-07
0.00991492 0.00797938 1.63086e-07
0.008657 0.00772164 1.05334e-08
0.0124855 0.00808504 2.27012e-07
0.0032229 0.00818432 2.83675e-07
0.0138803 0.00806109 1.14414e-07
0.0112144 0.00796059 7.04646e-08
0.00376647 0.00782007 1.45288e-09
0.00843174 0.00818037 1.26764e-07
0.0106738 0.00808672 6.82853e-08
0.0152206 0.00805816 1.12598e-08
0.00905658 0.00825867 4.50392e-08
0.0148119 0.00835581 4.14071e-08
0.00528716 0.00862551 2.09215e-07
0.0130969 0.00912714 5.58995e-07
0.00478507 0.00832157 9.44371e-09
0.0151352 0.00829921 6.90118e-09
0.00200222 0.00883851 2.64061e-07
0.00262769 0.00850302 3.08737e-08
0.0153366 0.00879608 2.00497e-07
0.00957957 0.00875062 1.46014e-07
0.0107781 0.00900741 4.10075e-07
0.00727583 0.00909422 4.02811e-07
0.00810663 0.00872898 6.42899e-08
0.00885036 0.00847878 3.6322e-10
0.0121688 0.00872389 6.10209e-08
0.0139005 0.00854071 2.17932e-09
0.014141 0.00890519 9.44371e-08
0.00397413 0.00918828 3.1019e-07
0.00613809 0.00901157 1.18046e-07
0.00866003 0.00883365 3.37794e-08
0.0089713 0.00899757 2.94208e-08
0.00276996 0.0090147 2.68783e-08
0.0117645 0.00949805 2.69872e-07
0.00300642 0.00888414 3.6322e-10
0.00326528 0.00908058 3.34162e-08
0.014745 0.00896859 4.35864e-09
0.00827525 0.00934594 8.60831e-08
0.00987619 0.009442 1.264e-07
0.0146825 0.00946717 1.79067e-07
0.00541086 0.00950106 2.04493e-07
0.00271202 0.00953323 6.24738e-08
0.00652924 0.00993547 3.22539e-07
0.0154897 0.00941848 7.99083e-09
0.00919976 0.0096157 4.75818e-08
0.015288 0.00957832 1.45288e-08
0.00461739 0.0099863 1.86332e-07
0.00167774 0.00964306 5.4483e-09
0.0033614 0.00974728 4.21335e-08
0.0122621 0.0096273 3.99542e-09
0.0135785 0.010268 3.65399e-07
0.0112266 0.009912 7.80922e-08
0.0102761 0.00983329 3.70484e-08
0.0124524 0.00976805 1.08966e-08
0.00228035 0.0103515 4.30779e-07
0.00838877 0.00995695 6.17474e-08
0.0152447 0.0100646 1.13325e-07
0.00387245 0.00999212 2.90576e-08
0.00962951 0.0101935 1.05334e-07
0.00890244 0.0100249 1.74345e-08
0.00555913 0.0102748 1.34755e-07
0.0106121 0.0108968 7.73658e-07
0.0146105 0.0100408 9.08049e-09
0.0125293 0.0102405 2.36093e-08
0.0157622 0.0101348 1.59817e-08
0.0144538 0.0105573 1.44198e-07
0.00740204 0.0101973 2.90576e-09
0.00373783 0.0107824 3.14185e-07
0.00779466 0.010709 2.36093e-07
0.0090176 0.0104843 8.13612e-08
0.0149979 0.0105446 3.05105e-08
0.00504146 0.0105435 1.4892e-08
0.0124648 0.0104718 3.6322e-10
0.00613064 0.010671 1.41656e-08
0.0116001 0.0106848 2.61518e-08
0.0121318 0.0107908 6.97382e-08
0.0128555 0.0106539 8.35405e-09
0.00641585 0.0112162 1.25311e-07
0.00681605 0.0107195 1.30759e-08
0.00869092 0.0107366 9.08049e-09
0.00465288 0.010957 7.70026e-08
0.00553578 0.0112364 2.63698e-07
0.00941893 0.0109069 3.66852e-08
0.00849282 0.0110682 5.59358e-08
0.0132111 0.0114588 2.62608e-07
0.0147114 0.0114153 2.16842e-07
0.00739441 0.0112208 3.59588e-08
0.0139984 0.0112669 4.64921e-08
0.00260768 0.0123013 1.32103e-06
0.00925029 0.0112982 4.06806e-08
0.00694179 0.0112319 1.01702e-08
0.0117181 0.011565 1.34028e-07
0.00414511 0.0113826 1.99771e-08
0.00785385 0.0115568 7.99083e-08
0.00873967 0.0119604 3.22902e-07
0.00696514 0.0118259 2.05219e-07
0.00384661 0.011669 5.1214e-08
0.00449274 0.0116682 6.17474e-08
0.0157008 0.0116531 4.83082e-08
0.00968299 0.0120108 1.41656e-07
0.0123778 0.011801 1.45288e-08
0.0051154 0.0119551 4.86714e-08
0.00785006 0.0124658 3.18544e-07
0.0111443 0.0121636 1.08239e-07
0.00431123 0.0122519 1.63449e-07
0.0105402 0.0120785 4.64921e-08
0.0122037 0.0121616 3.08737e-08
0.0138896 0.01208 1.01702e-08
0.00592818 0.0122142 2.86944e-08
0.0142222 0.0121498 1.45288e-08
0.0148337 0.0123622 8.86256e-08
0.0154399 0.0124422 7.15543e-08
0.0157936 0.0122143 8.71727e-09
0.0128195 0.0121946 2.17932e-09
0.00530909 0.0123677 3.48691e-08
0.0136302 0.0122959 1.08966e-08
0.0118405 0.0125268 1.03154e-07
0.00686543 0.0128456 3.3961e-07
0.0104802 0.0126325 8.7536e-08
0.0143796 0.0132211 3.77749e-07
0.0137548 0.0126105 5.81152e-09
0.0111656 0.0128535 8.24509e-08
0.0132789 0.0127473 3.70484e-08
0.00407442 0.0128808 3.12369e-08
0.0127554 0.0129868 6.2837e-08
0.0136696 0.0127463 1.08966e-09
0.0151526 0.0128346 1.34391e-08
0.00144764 0.0129089 2.25196e-08
0.0130661 0.0129175 5.4483e-09
0.010438 0.0128702 3.6322e-10
0.00890666 0.0129265 1.08966e-09
0.0102124 0.0131456 7.11911e-08
0.0102691 0.0129377 3.6322e-10
0.010818 0.0130137 7.26439e-09
0.0122463 0.0131429 4.50392e-08
0.00374958 0.0130729 1.34391e-08
0.0117048 0.0129715 7.26439e-10
0.00485146 0.013343 9.73429e-08
0.00933818 0.0132748 4.93979e-08
0.0156609 0.0131274 4.72186e-09
0.00822501 0.0137781 4.0608e-07
0.00417137 0.0133617 4.03174e-08
0.0112555 0.0135452 1.46378e-07
0.0133878 0.0136498 1.90327e-07
0.0153519 0.0134694 6.9375e-08
0.0106477 0.0135335 4.90347e-08
0.00626105 0.0135171 3.34162e-08
0.0119875 0.0135377 1.67081e-08
0.0125184 0.0136471 8.93521e-08
0.00351795 0.0136288 7.37336e-08
0.00997026 0.0139209 2.59339e-07
0.00176228 0.0135811 2.36093e-08
0.00558312 0.0139026 2.08488e-07
0.00697936 0.0138761 1.95775e-07
0.00219866 0.0136957 2.90576e-08
0.0118261 0.0136256 3.99542e-09
0.00444207 0.0137442 2.90576e-09
0.0152929 0.0140127 5.70255e-08
0.00408497 0.0140536 6.6106e-08
0.00479164 0.014259 1.81973e-07
0.00922154 0.014286 1.51826e-07
0.00628649 0.0141639 7.19175e-08
0.0116677 0.0140772 5.66623e-08
0.0145715 0.0142969 1.64902e-07
0.012786 0.0142038 9.29843e-08
0.0110893 0.014043 1.1623e-08
0.00362908 0.0144864 1.3766e-07
0.0135423 0.0142735 2.143e-08
0.00297404 0.014691 8.78992e-08
0.00555531 0.0147788 1.39476e-07
0.00706348 0.0145678 1.41656e-08
0.00406895 0.0146544 3.99542e-09
0.00457665 0.0147989 1.12598e-08
0.00415316 0.0148659 1.38024e-08
0.00237586 0.0150771 1.08966e-09
0.00449274 0.0151334 3.6322e-10
0.00444545 0.0151942 1.8161e-09
