319 634 2
0 0 0
34.86 0 0
0 33.25 0
34.86 33.25 0
22.3625 2.451 1.63458
24.7692 1.85608 0.405527
28.8471 2.36496 0.522506
17.5796 2.82442 1.20722
19.8977 2.81755 1.06373
30.415 2.205 0.0811054
8.645 2.24 0.00935831
7.73557 3.13311 0.666
15.698 3.28855 0.678478
30.8 2.47 0.010918
24.15 2.555 0.00935831
25.1431 2.81969 0.049911
29.7771 3.25271 0.33378
24.3194 3.35917 0.263592
27.4587 3.80945 0.708112
23.66 3.08 0.00155972
25.48 3.15 0.00155972
26.4473 3.23273 0.0171569
26.3257 3.72 0.0764262
9.26935 3.67161 0.0483513
9.99633 3.89922 0.199644
13.4639 4.44402 0.946749
25.4909 3.70125 0.049911
14.6804 4.0425 0.106061
23.2624 4.26274 0.375892
24.9783 3.69833 0.00935831
11.7275 4.30821 0.322862
6.94683 5.78157 3.87902
24.8309 4.06 0.0343138
28.9996 5.18723 1.11676
19.9702 4.34311 0.0701873
21.1917 4.76783 0.488192
25.4629 4.34 0.0639485
26.3943 4.78441 0.407087
15.7784 5.62399 2.05259
24.4162 4.48803 0.0951428
18.2998 5.40652 1.05749
2.37336 4.67612 0.180927
9.33651 4.85195 0.263592
10.6473 5.15262 0.566178
25.4761 6.09995 1.1963
12.2129 5.57278 0.477274
19.9437 5.81978 0.714351
22.6722 5.18778 0.0140375
27.3744 5.45038 0.124777
21.7461 6.0563 0.547461
23.353 6.02951 0.505349
9.03 5.46 0.00155972
29.9833 5.62333 0.00467916
26.8432 6.0532 0.151293
24.2451 6.06846 0.060829
4.33614 6.3589 0.226159
13.4117 6.98019 1.22906
30.3211 6.50889 0.296347
9.76248 6.58112 0.194965
11.6216 6.78838 0.405527
27.5562 7.14933 0.701873
20.5539 7.18118 0.397728
31.3271 6.69529 0.0265152
19.0611 7.7301 1.08088
24.4049 7.15052 0.269831
31.3254 8.07416 0.795456
21.9134 7.51211 0.38525
10.5417 7.53445 0.311944
23.6664 7.09545 0.0171569
29.7927 7.80521 0.527185
17.2872 8.59815 1.74065
15.0126 8.36388 1.07309
5.40726 7.77623 0.227719
23.7318 9.2055 2.60473
26.3288 8.04504 0.198084
28.492 8.45534 0.692515
9.4002 8.93538 1.38347
25.4893 8.15442 0.187166
7.6719 8.36525 0.44296
6.49833 8.11533 0.0467916
12.5859 8.80659 0.895278
20.804 8.94393 1.08712
27.087 8.68 0.0733068
6.59889 9.3628 0.450759
30.376 8.89795 0.137255
26.495 8.855 0.0249555
11.0526 9.52453 0.265152
27.3975 10.0359 0.920234
13.9106 10.4363 1.46458
26.1532 9.55025 0.126337
5.21231 9.96369 0.202763
19.4837 9.95185 0.193405
7.98 9.835 0.0686276
16.1464 10.9537 1.50669
22.0285 11.1633 1.83891
29.918 9.90763 0.124777
25.8988 10.873 0.650403
18.7268 9.91053 0.0296347
11.9406 10.374 0.241756
29.131 10.5989 0.366534
18.0742 11.1252 0.981063
10.4825 10.3892 0.0748665
30.5986 11.2823 0.825091
20.2586 10.6423 0.145054
7.81794 11.0332 0.485072
9.28785 11.335 0.616089
11.3922 12.9884 3.56864
19.7067 12.0142 1.15263
4.06168 12.2512 1.88414
27.6737 13.1812 2.32242
24.1651 11.6436 0.115419
31.7125 11.7649 0.088904
29.1883 11.9044 0.124777
14.4484 13.1075 1.92781
6.19923 12.2069 0.141934
25.2315 12.075 0.0935831
25.9274 12.1252 0.0358735
8.79308 12.3631 0.0202763
24.7061 12.8708 0.393049
17.3752 13.7816 1.86074
6.57027 13.7226 1.05437
21.8397 13.4675 0.795456
23.7911 13.1697 0.123218
8.73934 13.5273 0.379012
19.8101 14.3479 1.29613
25.4217 13.9734 0.299466
23.3032 13.8261 0.0483513
15.5389 15.7928 2.38013
8.09473 15.0955 0.712791
23.5262 14.6168 0.157532
28.642 15.1292 0.428923
21.5854 15.244 0.60673
30.1873 15.6966 1.27897
5.188 15.2533 0.16377
23.074 15.353 0.255794
6.61387 15.2786 0.193405
13.0947 16.3368 1.64394
31.5109 15.2141 0.099822
10.7732 16.1752 0.708112
27.3296 15.8623 0.232398
19.0628 15.9765 0.291667
8.96456 16.579 0.742426
20.546 16.5351 0.700314
17.9393 16.001 0.0452318
25.8728 16.7541 0.974824
6.67859 16.9598 1.21814
28.7631 16.7044 0.491311
23.2389 16.4962 0.302585
7.805 16.205 0.00623887
17.4725 16.9516 0.544342
22.1185 16.7576 0.293227
31.5406 16.6984 0.0483513
18.7673 17.1139 0.193405
30.6938 17.3152 0.177808
10.9562 17.8741 0.898398
27.1397 18.9136 2.40041
9.91577 17.2442 0.0405527
31.3637 17.1979 0.0296347
4.14906 18.3154 1.13392
5.44518 17.6202 0.132576
31.781 18.2275 0.860965
19.8511 18.1333 0.627007
22.3347 18.6654 1.76092
15.0772 18.8453 1.72973
16.7988 18.0885 0.27607
18.34 17.57 0.00155972
25.2167 18.0779 0.262033
28.805 17.6983 0.00935831
29.3033 18.4536 0.405527
8.23533 19.0402 1.332
12.7195 18.6741 0.506908
17.9456 18.3054 0.145054
18.5906 18.6451 0.126337
5.74 18.6805 0.115419
24.3787 19.6822 1.15887
6.23 18.41 0.00155972
6.76641 18.8171 0.143494
30.555 18.585 0.0187166
17.1482 19.367 0.369653
20.4657 19.566 0.542782
30.4256 19.6182 0.768941
11.2126 19.6884 0.878121
5.61994 19.7551 0.268272
13.5301 20.5886 1.38503
32.0982 19.5173 0.0343138
19.064 19.926 0.204323
31.6803 19.8485 0.0623887
9.5683 20.6939 0.800136
3.47667 19.9827 0.0233958
6.9656 20.1986 0.180927
25.41 19.95 0.0171569
28.1378 21.2776 1.56908
23.2641 20.54 0.335339
21.2944 20.3769 0.159091
25.8043 20.2417 0.0467916
4.72541 21.4508 1.84983
17.3835 20.6331 0.265152
31.5906 20.8562 0.486632
8.02463 20.706 0.124777
19.9546 21.1233 0.452318
18.4479 20.774 0.0748665
11.5198 21.2917 0.578656
21.9908 22.5807 3.3222
30.2764 20.8068 0.038993
25.9635 21.2208 0.101382
32.663 21.0016 0.0686276
29.9517 21.8772 0.619208
15.3388 21.1313 0.0124777
7.74564 22.3437 1.34916
16.1523 22.1915 1.01382
18.6866 21.7259 0.349377
31.0792 21.8508 0.131016
10.4471 21.8485 0.0639485
25.83 21.7 0.00155972
12.7041 22.1128 0.060829
24.0382 22.1414 0.1123
25.1398 22.361 0.299466
26.6396 22.0774 0.0358735
13.2951 23.2426 0.538103
14.1244 22.2133 0.0561499
18.0096 22.2488 0.038993
9.64184 22.7054 0.33066
11.4714 23.2844 1.13236
19.5182 22.6017 0.157532
17.5991 22.9359 0.240197
27.3764 23.7452 1.12768
30.4854 23.6551 0.931152
15.3229 23.252 0.154412
29.0079 23.3477 0.199644
5.40372 25.4911 5.6727
19.1688 23.4125 0.174688
14.385 23.275 0.0436721
24.2826 23.9654 0.575536
8.58964 23.5875 0.0857845
16.275 23.9483 0.343138
18.1106 24.7847 1.38659
14.4334 24.5059 0.881241
7.97106 24.1808 0.21992
9.31 24.1792 0.265152
32.5358 24.1479 0.207443
20.0654 24.8891 0.60829
25.6498 24.4545 0.0623887
10.6003 24.7737 0.209002
16.2671 25.8321 1.36787
23.0937 25.2059 0.464796
8.93387 25.3887 0.701873
21.8416 25.0294 0.199644
25.2889 25.2016 0.132576
28.7825 25.0325 0.0436721
12.2846 25.3108 0.123218
29.4718 25.1773 0.0623887
30.7389 25.6174 0.380571
31.995 25.7831 0.307265
32.7279 25.3108 0.0374332
26.565 25.27 0.00935831
11.0017 25.6288 0.149733
28.245 25.48 0.0467916
24.5362 25.9584 0.44296
14.2268 26.6192 1.45834
21.7174 26.1774 0.375892
29.7979 27.3972 1.62211
28.5031 26.1319 0.0249555
23.1376 26.6355 0.354056
27.5169 26.4154 0.159091
8.44314 26.692 0.134136
26.4321 26.9116 0.269831
28.3267 26.4133 0.00467916
31.3997 26.5962 0.0577096
2.99984 26.7502 0.0967025
27.076 26.768 0.0233958
21.63 26.67 0.00155972
18.4567 26.7867 0.00467916
21.1625 27.2407 0.305705
21.28 26.81 0.00155972
22.4175 26.9675 0.0311944
25.3773 27.2351 0.193405
7.77 27.09 0.0577096
24.255 26.88 0.00311944
10.0534 27.6497 0.418005
19.3509 27.5085 0.212122
32.4531 27.2031 0.0202763
17.0441 28.5514 1.74377
8.64405 27.6885 0.173129
23.3241 28.0688 0.628567
27.7426 28.2855 0.817292
31.8126 27.9117 0.297906
22.0645 28.0446 0.210562
12.9743 28.0107 0.143494
24.8409 28.0533 0.071747
25.941 28.28 0.383691
7.29 28.2421 0.316623
20.6607 28.8474 1.11364
3.65185 28.1432 0.101382
11.5695 28.8095 0.895278
14.4629 28.7545 0.840688
4.55613 28.3806 0.124777
24.5064 28.2355 0.0171569
9.205 28.4813 0.0124777
31.6904 29.0375 0.244876
8.465 29.1223 0.283869
9.92938 29.548 0.781419
19.1092 29.6038 0.651962
13.0271 29.3509 0.308824
24.1783 29.1712 0.243316
30.1954 29.6265 0.708112
26.4955 29.4336 0.399288
22.9797 29.1003 0.049911
7.52029 30.0191 0.591133
28.0629 29.578 0.0920234
6.16289 30.4431 0.377452
11.5119 30.6252 0.598932
14.6372 30.1879 0.060829
8.43182 30.3673 0.0171569
9.48387 30.6668 0.0483513
8.60632 30.8055 0.0592693
4.92333 31.2433 0.00467916
9.31 31.36 0.00155972
9.212 31.486 0.00779859

4 0 3 
22 21 16 
2 0 4 
0 1 3 
2 1 0 
47 35 36 
16 18 15 
206 2 4 
8 6 5 
1 2 6 
19 7 17 
6 2 7 
35 41 9 
11 6 8 
30 33 18 
8 5 9 
17 10 14 
7 2 10 
13 11 8 
1 6 11 
32 12 24 
1 11 12 
9 41 8 
26 31 13 
63 14 2 
10 2 14 
18 20 15 
5 6 15 
7 22 6 
15 6 16 
53 17 14 
7 10 17 
5 36 9 
20 5 15 
37 33 27 
22 16 6 
29 20 18 
29 5 20 
23 21 22 
30 16 21 
19 22 7 
19 23 22 
34 49 19 
27 21 23 
43 24 25 
12 11 24 
44 25 31 
24 11 25 
44 43 25 
31 11 13 
8 39 13 
30 21 27 
5 29 36 
26 13 28 
23 37 27 
13 39 28 
16 30 18 
27 33 30 
39 57 26 
25 11 31 
59 32 52 
42 12 32 
19 38 23 
40 18 33 
49 38 19 
19 17 34 
36 35 9 
52 44 59 
37 38 45 
47 50 62 
38 37 23 
40 33 37 
34 61 49 
40 29 18 
28 39 26 
64 47 62 
45 40 37 
45 55 40 
8 41 39 
36 48 50 
1 42 109 
1 12 42 
26 46 31 
32 24 43 
46 44 31 
52 43 44 
65 51 55 
51 29 40 
57 46 26 
57 60 46 
41 71 39 
41 35 47 
51 48 29 
36 29 48 
53 58 34 
54 38 49 
69 67 51 
47 36 50 
55 51 40 
50 48 51 
46 60 44 
32 43 52 
70 34 58 
34 17 53 
61 54 49 
45 38 54 
61 75 45 
51 67 50 
91 56 73 
42 32 56 
41 47 64 
59 77 79 
66 58 63 
53 14 63 
60 59 44 
68 77 59 
39 71 72 
68 59 60 
75 78 45 
45 54 61 
74 95 82 
64 71 41 
66 63 2 
58 53 63 
50 67 62 
39 72 57 
45 65 55 
83 61 76 
96 76 85 
70 58 66 
82 64 62 
82 62 67 
57 81 60 
73 56 32 
65 69 51 
65 74 69 
85 70 66 
61 34 70 
67 74 82 
72 81 57 
89 99 81 
81 87 68 
79 80 32 
91 109 56 
97 74 90 
67 69 74 
86 75 83 
61 70 76 
85 76 70 
83 75 61 
60 81 68 
80 73 32 
65 78 74 
65 45 78 
59 79 32 
109 159 189 
77 93 79 
84 73 80 
71 94 72 
87 77 68 
106 105 93 
92 64 82 
88 83 76 
86 78 75 
79 84 80 
77 87 102 
103 96 85 
88 86 83 
90 86 88 
90 78 86 
72 89 81 
93 105 84 
96 100 76 
95 104 82 
64 92 98 
77 106 93 
97 90 88 
74 78 90 
84 91 73 
84 79 93 
104 92 82 
98 71 64 
81 99 87 
137 107 114 
101 120 94 
89 72 94 
97 111 74 
101 94 71 
66 103 85 
100 110 88 
76 100 88 
111 119 123 
101 98 92 
101 71 98 
87 99 102 
89 94 114 
103 100 96 
113 110 100 
108 101 92 
114 128 137 
77 102 106 
99 89 107 
112 103 66 
110 97 88 
108 104 95 
108 92 104 
84 105 115 
102 99 107 
107 106 102 
118 121 105 
101 108 120 
121 109 115 
111 116 119 
114 107 89 
56 109 42 
91 84 115 
103 133 113 
111 123 95 
74 111 95 
116 117 119 
2 112 66 
133 110 113 
103 113 100 
103 112 138 
95 122 108 
136 129 149 
91 115 109 
105 106 118 
97 116 111 
117 110 126 
97 117 116 
97 110 117 
107 118 106 
107 124 118 
127 130 122 
120 114 94 
122 125 108 
125 122 132 
136 121 129 
115 105 121 
123 122 95 
125 120 108 
117 126 119 
163 143 151 
129 124 107 
121 118 124 
123 126 130 
128 144 150 
119 126 123 
110 131 140 
123 127 122 
123 130 127 
120 128 114 
120 125 141 
124 129 121 
177 146 170 
122 130 135 
126 110 140 
133 131 110 
133 147 131 
125 132 143 
130 126 145 
138 133 103 
135 132 122 
160 134 146 
109 121 134 
140 145 126 
143 141 125 
121 136 134 
129 107 139 
107 137 139 
153 141 143 
2 206 112 
152 154 133 
129 139 142 
174 183 159 
147 156 140 
135 151 132 
120 141 144 
151 135 148 
149 142 146 
139 137 155 
130 145 135 
180 162 163 
153 144 141 
128 120 144 
131 147 140 
151 143 132 
136 146 134 
157 155 170 
138 152 133 
168 156 147 
145 148 135 
148 145 167 
136 149 146 
129 142 149 
166 172 150 
165 128 150 
167 156 175 
153 150 144 
112 206 138 
154 147 133 
148 163 151 
196 230 269 
158 154 152 
156 145 140 
139 155 157 
137 128 164 
169 156 168 
162 153 143 
142 157 170 
142 139 157 
161 158 152 
161 154 158 
189 159 183 
109 134 159 
142 170 146 
159 134 160 
138 161 152 
178 181 169 
163 162 143 
200 211 201 
175 163 167 
269 3 189 
137 164 171 
193 163 175 
128 165 164 
150 153 166 
162 166 153 
162 173 166 
148 167 163 
145 156 167 
154 169 147 
154 161 178 
147 169 168 
229 192 207 
160 146 176 
197 164 179 
155 171 182 
155 137 171 
165 172 179 
165 150 172 
172 173 179 
172 166 173 
160 174 159 
183 190 196 
169 192 156 
162 186 173 
177 176 146 
174 160 176 
182 188 170 
174 176 177 
154 178 169 
161 185 187 
165 179 164 
186 162 180 
163 194 180 
186 197 179 
169 181 192 
178 161 181 
155 182 170 
171 164 184 
177 183 174 
177 170 190 
171 184 182 
179 173 186 
198 185 206 
161 138 206 
163 193 194 
180 200 186 
198 187 185 
181 161 187 
170 188 199 
182 184 202 
1 189 3 
1 109 189 
177 190 183 
199 188 209 
156 191 175 
211 197 201 
156 192 205 
181 187 198 
191 195 175 
226 218 192 
180 194 200 
236 225 231 
175 195 205 
191 156 195 
183 196 189 
213 188 202 
164 197 208 
220 184 208 
212 198 206 
204 181 198 
190 199 209 
190 170 199 
224 200 203 
194 193 203 
186 201 197 
186 200 201 
182 202 188 
184 164 208 
194 203 200 
214 217 205 
212 204 198 
192 181 204 
217 175 205 
195 156 205 
254 206 4 
185 161 206 
218 214 205 
192 204 207 
210 208 197 
210 228 220 
190 209 196 
224 231 221 
225 235 210 
215 219 223 
224 211 200 
221 197 211 
240 212 206 
207 204 212 
188 213 222 
202 184 215 
193 175 216 
205 192 218 
223 213 202 
223 202 215 
233 216 217 
203 193 216 
242 217 226 
216 175 217 
212 227 207 
217 214 218 
236 244 235 
215 184 220 
210 220 208 
219 215 220 
224 221 211 
210 197 221 
239 222 223 
209 188 222 
232 237 219 
222 213 223 
231 225 221 
225 210 221 
203 231 224 
237 235 244 
249 226 229 
217 218 226 
252 227 240 
229 207 227 
237 228 235 
232 220 228 
251 229 227 
226 192 229 
209 230 196 
209 222 234 
216 233 203 
246 265 230 
237 232 228 
219 220 232 
248 233 242 
245 203 233 
239 234 222 
238 209 234 
210 235 228 
231 203 241 
260 271 273 
235 225 236 
238 239 246 
250 219 237 
239 238 234 
230 209 238 
219 250 223 
243 246 239 
254 240 206 
227 212 240 
245 260 247 
236 231 241 
255 242 226 
233 217 242 
223 243 239 
237 244 259 
241 280 272 
256 246 243 
260 241 247 
247 203 245 
238 246 230 
274 260 273 
258 263 245 
241 203 247 
266 248 255 
258 233 248 
262 249 251 
257 226 249 
243 250 256 
243 223 250 
261 251 252 
249 229 251 
268 252 253 
251 227 252 
281 253 254 
252 240 253 
281 254 4 
253 240 254 
262 264 257 
248 242 255 
237 259 250 
279 246 256 
261 262 251 
255 226 257 
266 258 248 
245 233 258 
280 282 272 
288 250 259 
275 260 263 
241 272 236 
284 275 263 
264 255 257 
249 262 257 
264 266 255 
278 263 258 
260 245 263 
267 264 262 
266 276 258 
250 288 256 
277 291 230 
270 266 264 
289 290 304 
261 267 262 
261 285 267 
286 268 281 
261 252 268 
196 269 189 
230 265 277 
267 285 264 
264 285 270 
275 271 260 
272 244 236 
244 282 259 
282 244 272 
275 287 273 
280 241 273 
241 274 273 
241 260 274 
278 284 263 
273 271 275 
270 285 266 
273 292 280 
246 279 265 
291 296 230 
276 278 258 
276 289 278 
294 279 256 
283 265 279 
275 284 287 
288 294 256 
299 281 4 
268 253 281 
303 311 294 
298 300 283 
294 301 279 
277 265 283 
266 285 290 
292 302 280 
309 285 305 
261 286 299 
299 286 281 
261 268 286 
273 287 292 
297 289 304 
282 295 259 
283 300 291 
278 289 297 
276 266 290 
306 290 285 
289 276 290 
308 291 300 
277 283 291 
284 304 307 
315 314 317 
269 293 3 
269 230 293 
259 295 288 
296 316 293 
288 295 303 
282 280 302 
316 296 310 
293 230 296 
284 297 304 
284 278 297 
279 298 283 
291 308 310 
305 299 4 
305 261 299 
279 301 298 
298 301 300 
288 303 294 
312 282 302 
287 284 307 
310 318 316 
312 311 303 
313 314 315 
302 304 306 
307 292 287 
309 305 4 
285 261 305 
302 306 4 
304 290 306 
302 307 304 
302 292 307 
301 313 300 
301 294 311 
306 309 4 
306 285 309 
291 310 296 
314 301 311 
295 312 303 
312 4 318 
282 312 295 
302 4 312 
308 313 315 
308 300 313 
317 314 311 
313 301 314 
318 315 317 
310 308 315 
293 316 3 
310 315 318 
312 318 311 
318 3 316 
311 318 317 
4 3 318 

3 633 2 
39 35 38 
0 7 4 
374 0 4 
3 2 9 
66 97 91 
26 29 56 
2 408 272 
27 15 13 
11 19 4 
31 65 40 
17 28 9 
22 66 91 
8 18 19 
63 56 57 
32 22 8 
25 30 31 
25 31 11 
13 50 49 
13 21 9 
45 83 61 
45 81 19 
78 15 12 
49 53 82 
25 122 113 
24 16 17 
33 6 36 
29 33 8 
35 11 40 
35 6 27 
16 113 103 
16 10 17 
66 15 52 
27 26 37 
57 54 71 
29 28 1 
26 73 37 
33 36 52 
1 41 43 
1 51 56 
28 10 41 
38 40 62 
64 65 72 
38 54 51 
47 48 83 
47 20 21 
59 84 48 
59 44 45 
44 46 85 
18 23 59 
55 18 78 
43 57 39 
93 32 37 
55 74 23 
34 43 70 
74 53 50 
14 6 39 
14 51 34 
88 74 125 
49 46 47 
101 67 154 
20 109 81 
70 41 64 
14 71 73 
62 42 95 
103 42 10 
12 32 5 
114 60 85 
105 76 70 
124 75 97 
54 62 68 
34 76 63 
104 42 137 
36 63 87 
58 53 55 
69 130 110 
71 68 77 
98 76 126 
90 50 22 
99 97 93 
214 375 81 
61 80 21 
84 23 88 
44 101 20 
46 82 100 
48 67 101 
98 126 134 
73 98 92 
82 58 89 
100 88 132 
116 78 121 
5 110 12 
93 87 99 
92 79 52 
102 103 123 
64 104 105 
107 134 145 
79 69 5 
87 77 86 
92 107 79 
114 84 89 
85 60 83 
94 129 137 
30 94 65 
95 72 119 
95 119 68 
118 119 149 
124 99 96 
133 178 143 
133 214 61 
75 121 91 
156 154 115 
123 122 129 
24 123 30 
67 100 117 
111 117 159 
158 125 90 
114 150 115 
153 106 163 
104 106 105 
173 138 218 
90 110 181 
24 220 112 
113 112 94 
131 69 107 
139 58 116 
86 77 153 
147 162 149 
148 166 172 
112 136 102 
75 131 161 
124 138 130 
150 89 139 
109 151 108 
96 86 135 
145 134 152 
129 188 148 
102 147 72 
120 131 145 
132 125 170 
182 170 201 
159 150 182 
151 154 164 
214 108 226 
177 176 186 
135 138 96 
149 167 163 
148 127 137 
147 136 128 
106 127 146 
141 117 132 
133 142 157 
177 135 153 
118 152 126 
142 60 111 
314 375 315 
179 111 175 
151 164 178 
185 116 187 
115 141 165 
171 175 227 
130 180 174 
127 190 167 
118 146 169 
157 142 179 
194 200 159 
128 188 196 
146 162 168 
167 176 169 
163 168 177 
140 139 185 
206 179 160 
190 128 196 
180 120 204 
192 181 161 
160 156 200 
168 203 144 
169 144 152 
108 157 215 
156 171 164 
161 173 205 
121 174 193 
194 141 140 
213 199 270 
235 187 210 
158 195 170 
218 144 228 
158 193 184 
166 136 202 
203 190 197 
189 162 172 
248 217 212 
174 198 193 
181 192 187 
207 165 182 
235 213 185 
172 166 222 
189 222 221 
192 205 210 
307 183 252 
208 175 165 
213 207 140 
188 220 223 
176 189 231 
173 224 205 
180 204 198 
239 215 171 
201 208 194 
200 207 232 
239 227 245 
241 184 198 
226 239 265 
219 191 228 
201 195 183 
80 109 143 
206 226 178 
221 222 262 
240 218 191 
217 120 186 
242 212 230 
202 122 272 
197 216 258 
197 196 216 
300 262 202 
236 204 240 
295 294 238 
211 143 215 
232 209 160 
212 186 230 
257 242 231 
219 228 231 
229 230 203 
227 208 233 
245 232 244 
256 250 251 
195 184 252 
241 224 237 
263 260 236 
254 225 268 
209 211 206 
224 217 250 
210 236 253 
248 219 229 
287 302 320 
233 269 254 
233 254 209 
261 251 248 
299 297 285 
246 191 242 
286 257 258 
234 240 251 
234 250 246 
199 235 285 
267 278 241 
238 245 244 
316 363 348 
282 263 234 
249 266 229 
249 221 259 
286 258 301 
287 267 237 
266 282 246 
216 223 290 
237 256 277 
288 336 317 
268 315 211 
261 257 305 
253 260 271 
288 265 238 
270 274 244 
281 269 183 
267 309 284 
300 220 7 
301 290 304 
311 295 269 
314 344 362 
305 286 291 
287 263 279 
284 285 253 
292 302 277 
316 294 295 
339 306 270 
292 256 261 
320 356 355 
278 271 299 
278 247 252 
276 249 259 
260 277 243 
264 268 294 
360 310 306 
273 262 318 
276 334 308 
279 282 293 
331 330 292 
280 288 225 
280 225 274 
341 327 343 
247 341 326 
378 322 331 
247 284 327 
367 223 272 
259 273 332 
243 279 330 
583 534 456 
273 312 313 
266 276 331 
289 311 281 
326 324 199 
291 334 346 
271 320 328 
289 316 311 
306 310 274 
304 318 313 
304 312 333 
275 388 155 
317 155 265 
255 280 310 
264 344 315 
312 290 367 
358 352 359 
309 243 283 
379 399 418 
330 298 325 
374 534 582 
361 339 307 
322 424 368 
354 307 297 
328 296 299 
327 309 329 
343 328 347 
322 302 293 
298 293 305 
334 301 352 
359 352 313 
308 291 332 
411 451 455 
348 349 264 
354 357 390 
364 360 339 
324 338 281 
342 354 341 
296 340 297 
365 340 343 
329 342 296 
275 317 349 
414 388 376 
380 308 358 
365 329 355 
336 255 351 
336 351 344 
372 360 400 
348 362 349 
319 332 333 
370 371 409 
337 326 340 
283 369 347 
384 283 368 
337 365 398 
405 346 319 
371 319 333 
350 289 338 
401 364 324 
275 351 376 
395 376 255 
373 338 361 
347 357 342 
409 392 370 
300 409 318 
397 356 325 
399 355 384 
353 366 381 
353 381 359 
377 395 350 
423 400 364 
323 3 375 
155 374 80 
345 362 363 
441 394 372 
382 298 387 
398 321 419 
425 407 346 
370 393 371 
386 378 387 
425 455 449 
402 369 356 
444 479 469 
407 406 382 
407 382 378 
534 314 345 
400 426 422 
412 401 337 
401 436 435 
366 420 404 
381 404 405 
377 414 395 
372 394 363 
402 446 418 
429 402 368 
379 357 399 
321 398 369 
389 350 373 
390 391 361 
396 384 397 
406 410 433 
393 392 421 
393 411 358 
386 403 431 
380 386 387 
7 504 476 
367 366 353 
403 425 433 
421 335 405 
390 439 436 
453 436 466 
456 345 394 
444 438 446 
466 445 469 
474 427 437 
321 396 438 
379 438 439 
392 476 477 
404 432 411 
443 441 389 
435 427 373 
431 429 325 
383 410 380 
389 427 443 
423 417 426 
431 481 458 
424 458 397 
449 480 481 
406 428 424 
451 421 477 
410 449 403 
447 469 539 
391 437 423 
391 412 413 
435 461 417 
419 418 415 
419 445 412 
443 482 464 
422 457 377 
471 461 460 
426 440 422 
445 415 385 
439 444 416 
415 396 467 
434 483 452 
455 499 495 
383 430 433 
477 503 501 
432 454 335 
466 447 460 
413 460 461 
451 501 499 
335 448 383 
303 414 473 
464 465 441 
463 429 428 
535 488 550 
453 452 442 
453 442 437 
481 507 493 
458 513 487 
457 440 472 
457 472 473 
452 413 416 
491 479 446 
547 489 538 
385 434 416 
475 488 472 
442 508 474 
465 464 470 
465 488 456 
497 417 471 
470 482 485 
420 408 505 
420 450 432 
486 487 523 
467 517 385 
430 511 507 
430 462 428 
475 440 497 
540 508 447 
514 517 543 
475 496 509 
491 478 545 
463 478 491 
459 473 470 
468 544 545 
523 513 522 
487 486 467 
507 521 512 
462 512 513 
499 510 520 
448 520 511 
526 485 497 
474 496 482 
501 533 510 
454 494 448 
503 559 533 
450 498 454 
505 504 559 
505 500 450 
408 558 502 
476 502 503 
519 520 524 
480 492 462 
515 471 483 
485 554 550 
494 498 530 
495 519 480 
493 492 525 
493 490 463 
541 484 587 
508 584 526 
523 518 538 
539 479 484 
516 546 556 
511 506 521 
506 495 494 
492 519 528 
490 552 546 
490 516 478 
506 530 536 
552 512 575 
557 496 515 
551 535 579 
521 537 548 
609 571 577 
524 510 531 
536 530 607 
559 568 569 
500 569 498 
323 388 303 
563 527 459 
537 524 531 
548 528 536 
468 516 547 
434 517 541 
572 483 541 
539 514 540 
570 547 556 
544 549 484 
489 543 545 
489 544 486 
518 522 591 
538 542 468 
564 528 537 
565 543 570 
555 459 509 
589 527 616 
522 525 553 
574 552 577 
509 557 562 
550 592 563 
600 542 518 
554 526 598 
504 594 568 
502 532 500 
613 598 602 
573 592 597 
596 554 613 
555 579 535 
576 575 548 
587 549 611 
607 606 615 
568 595 569 
532 558 567 
532 567 533 
605 549 542 
529 590 574 
584 540 620 
578 579 561 
571 591 553 
564 577 525 
564 615 609 
575 529 553 
573 623 593 
573 527 563 
610 600 590 
624 626 603 
628 323 583 
589 582 303 
586 515 572 
628 589 588 
618 598 584 
565 599 514 
616 601 585 
551 585 583 
571 580 591 
574 590 546 
561 555 596 
627 616 578 
558 606 595 
567 594 607 
597 592 562 
612 561 596 
560 557 586 
587 621 620 
580 605 556 
631 588 629 
560 618 630 
581 622 625 
609 608 610 
570 600 611 
594 614 566 
595 566 531 
614 621 604 
576 604 529 
580 604 611 
605 610 565 
623 597 625 
560 617 562 
606 608 615 
566 614 576 
588 551 593 
613 624 625 
602 586 620 
633 630 621 
618 572 599 
619 599 608 
603 627 623 
612 622 578 
617 632 581 
617 603 612 
581 632 629 
622 629 593 
631 582 585 
626 601 627 
632 602 619 
628 601 633 
626 624 630 
631 619 0 
