319 634 2
0 0 0
498 0 0
0 475 0
498 475 0
319.465 35.0143 333.589
353.846 26.5154 82.7606
412.101 33.7851 106.634
251.137 40.3488 246.372
284.252 40.2507 217.087
434.5 31.5 16.5521
123.5 32 1.90986
110.508 44.7588 135.918
224.257 46.9793 138.465
440 35.2857 2.22817
345 36.5 1.90986
359.188 40.2812 10.1859
425.388 46.4673 68.1183
347.42 47.9882 53.7944
392.267 54.4207 144.513
338 44 0.31831
364 45 0.31831
377.818 46.1818 3.50141
376.082 53.1429 15.5972
132.419 52.4516 9.86761
142.805 55.7031 40.7437
192.341 63.486 193.214
364.156 52.875 10.1859
209.721 57.75 21.6451
332.32 60.8963 76.7127
356.833 52.8333 1.90986
167.536 61.5459 65.8901
99.2405 82.5939 791.637
354.727 58 7.00282
414.279 74.1034 227.91
285.289 62.0444 14.3239
302.738 68.1118 99.631
363.756 62 13.0507
377.061 68.3487 83.0789
225.406 80.3427 418.896
348.803 64.1148 19.4169
261.426 77.236 215.814
33.9052 66.8017 36.9239
133.379 69.3136 53.7944
152.105 73.6088 115.546
363.944 87.1421 244.144
174.471 79.6111 97.4028
284.91 83.1397 145.786
323.889 74.1111 2.86479
391.062 77.8625 25.4648
310.658 86.5185 111.727
333.614 86.1358 103.132
129 78 0.31831
428.333 80.3333 0.95493
383.474 86.4742 30.8761
346.359 86.6923 12.4141
61.9448 90.8414 46.1549
191.595 99.717 250.828
433.158 92.9842 60.4789
139.464 94.016 39.7887
166.023 96.9769 82.7606
393.66 102.133 143.239
293.627 102.588 81.169
447.529 95.6471 5.41127
272.302 110.43 220.589
348.642 102.15 55.0676
447.506 115.345 162.338
313.049 107.316 78.6225
150.595 107.635 63.662
338.091 101.364 3.50141
425.609 111.503 107.589
246.96 122.831 355.234
214.465 119.484 218.997
77.2466 111.089 46.4732
339.026 131.507 531.578
376.126 114.929 40.4254
407.029 120.791 141.33
134.289 127.648 282.341
364.133 116.492 38.1972
109.599 119.504 90.4
92.8333 115.933 9.5493
179.798 125.808 182.71
297.199 127.77 221.862
386.957 124 14.9606
94.2699 133.754 91.9916
433.943 127.114 28.0113
378.5 126.5 5.09296
157.894 136.065 54.1127
391.393 143.369 187.803
198.723 149.091 298.893
373.617 136.432 25.7831
74.4615 142.338 41.3803
278.339 142.169 39.4704
114 140.5 14.0056
230.664 156.481 307.487
314.693 159.476 375.287
427.4 141.537 25.4648
369.983 155.329 132.735
267.526 141.579 6.04789
170.581 148.2 49.338
416.157 151.413 74.8028
258.203 158.932 200.217
149.75 148.417 15.2789
437.123 161.176 168.386
289.409 152.032 29.6028
111.685 157.617 98.9944
132.684 161.929 125.732
162.745 185.548 728.293
281.524 171.632 235.231
58.024 175.017 384.518
395.338 188.303 473.963
345.216 166.338 23.5549
453.035 168.07 18.1437
416.975 170.062 25.4648
206.405 187.25 393.431
88.5604 174.385 28.9662
360.45 172.5 19.0986
370.391 173.217 7.32113
125.615 176.615 4.13803
352.944 183.869 80.2141
248.217 196.88 379.744
93.8609 196.037 215.177
311.996 192.392 162.338
339.873 188.139 25.1465
124.848 193.247 77.3493
283.001 204.97 264.516
363.167 199.62 61.1155
332.903 197.516 9.86761
221.985 225.611 485.741
115.639 215.65 145.468
336.089 208.812 32.1493
409.171 216.131 87.5352
308.362 217.771 123.823
431.248 224.238 261.014
74.1143 217.905 33.4225
329.628 219.329 52.2028
94.4839 218.266 39.4704
187.067 233.383 335.499
450.156 217.344 20.3718
153.903 231.075 144.513
390.423 226.604 47.4282
272.326 228.235 59.5239
128.065 236.842 151.516
293.514 236.216 142.921
256.276 228.586 9.23099
369.611 239.344 198.944
95.4085 242.283 248.6
410.902 238.635 100.268
331.985 235.66 61.7521
111.5 231.5 1.27324
249.607 242.166 111.09
315.979 239.394 59.8423
450.581 238.548 9.86761
268.105 244.484 39.4704
438.482 247.36 36.2873
156.517 255.344 183.346
387.71 270.194 489.879
141.654 246.346 8.27606
448.053 245.684 6.04789
59.2724 261.649 231.411
77.7882 251.718 27.0563
454.014 260.393 175.707
283.587 259.047 127.961
319.067 266.649 359.372
215.389 269.219 353.006
239.983 258.407 56.3408
262 251 0.31831
360.238 258.256 53.4761
411.5 252.833 1.90986
418.619 263.623 82.7606
117.648 272.004 271.837
181.708 266.772 103.451
256.366 261.505 29.6028
265.58 266.358 25.7831
82 266.865 23.5549
348.268 281.174 236.504
89 263 0.31831
96.663 268.815 29.2845
436.5 265.5 3.81972
244.975 276.671 75.4394
292.368 279.514 110.772
434.651 280.26 156.927
160.179 281.263 179.208
80.2849 282.215 54.7493
193.287 294.123 282.659
458.545 278.818 7.00282
272.344 284.656 41.6986
452.575 283.55 12.7324
136.69 295.628 163.293
49.6667 285.467 4.77465
99.5086 288.552 36.9239
363 285 3.50141
401.968 303.966 320.22
332.344 293.428 68.4366
304.206 291.098 32.4676
368.633 289.167 9.5493
67.5059 306.439 377.516
248.335 294.759 54.1127
451.295 297.946 99.3127
114.638 295.8 25.4648
285.066 301.762 92.3099
263.542 296.771 15.2789
164.569 304.167 118.093
314.154 322.582 678
432.52 297.24 7.95775
370.908 303.154 20.6901
466.614 300.023 14.0056
427.882 312.531 126.369
219.125 301.875 2.54648
110.652 319.195 275.338
230.748 317.022 206.901
266.951 310.371 71.3014
443.988 312.155 26.738
149.244 312.122 13.0507
369 310 0.31831
181.487 315.897 12.4141
343.403 316.306 22.9183
359.141 319.443 61.1155
380.565 315.391 7.32113
189.93 332.038 109.817
201.778 317.333 11.4592
257.28 317.84 7.95775
137.741 324.363 67.4817
163.877 332.634 231.093
278.832 322.881 32.1493
251.416 327.656 49.0197
391.091 339.217 230.138
435.506 337.93 190.031
218.899 332.172 31.5127
414.398 333.539 40.7437
77.196 364.158 1157.69
273.839 334.464 35.6507
205.5 332.5 8.91268
346.894 342.363 117.456
122.709 336.964 17.507
232.5 342.118 70.0282
258.723 354.067 282.977
206.191 350.085 179.845
113.872 345.44 44.8817
133 345.418 54.1127
464.797 344.97 42.3352
286.649 355.559 124.141
366.425 349.35 12.7324
151.433 353.91 42.6535
232.388 369.03 279.158
329.909 360.084 94.8563
127.627 362.696 143.239
312.023 357.562 40.7437
361.271 360.024 27.0563
411.179 357.607 8.91268
175.494 361.582 25.1465
421.025 359.675 12.7324
439.127 365.963 77.6676
457.071 368.33 62.707
467.542 361.583 7.63944
379.5 361 1.90986
157.167 366.125 30.5577
403.5 364 9.5493
350.518 370.835 90.4
203.24 380.274 297.62
310.249 373.963 76.7127
425.685 391.388 331.042
407.188 373.312 5.09296
330.537 380.507 72.2563
393.098 377.363 32.4676
120.616 381.314 27.3747
377.601 384.451 55.0676
404.667 377.333 0.95493
448.568 379.946 11.7775
42.8548 382.145 19.7352
386.8 382.4 4.77465
309 381 0.31831
263.667 382.667 0.95493
302.321 389.153 62.3887
304 383 0.31831
320.25 385.25 6.3662
362.532 389.073 39.4704
111 387 11.7775
346.5 384 0.63662
143.619 394.996 85.307
276.441 392.978 43.2901
463.615 388.615 4.13803
243.487 407.877 355.87
123.486 395.55 35.3324
333.201 400.983 128.279
396.323 404.078 166.794
454.466 398.738 60.7972
315.207 400.637 42.9718
185.348 400.152 29.2845
354.87 400.761 14.6423
370.585 404 78.3042
104.143 403.458 64.6169
295.153 412.105 227.273
52.1692 402.046 20.6901
165.279 411.564 182.71
206.612 410.779 171.569
65.0875 405.438 25.4648
350.091 403.364 3.50141
131.5 406.875 2.54648
452.72 414.822 49.9747
120.929 416.033 57.9324
141.848 422.114 159.473
272.988 422.911 133.054
186.101 419.298 63.0254
345.404 416.731 49.6563
431.363 423.236 144.513
378.508 420.48 81.4873
328.281 415.719 10.1859
107.433 428.844 120.639
400.898 422.542 18.7803
88.0413 434.901 77.031
164.456 437.503 122.231
209.103 431.256 12.4141
120.455 433.818 3.50141
135.484 438.097 9.86761
122.947 440.079 12.0958
70.3333 446.333 0.95493
133 448 0.31831
131.6 449.8 1.59155

4 0 3 
22 21 16 
2 0 4 
0 1 3 
2 1 0 
47 35 36 
16 18 15 
206 2 4 
8 6 5 
1 2 6 
19 7 17 
6 2 7 
35 41 9 
11 6 8 
30 33 18 
8 5 9 
17 10 14 
7 2 10 
13 11 8 
1 6 11 
32 12 24 
1 11 12 
9 41 8 
26 31 13 
63 14 2 
10 2 14 
18 20 15 
5 6 15 
7 22 6 
15 6 16 
53 17 14 
7 10 17 
5 36 9 
20 5 15 
37 33 27 
22 16 6 
29 20 18 
29 5 20 
23 21 22 
30 16 21 
19 22 7 
19 23 22 
34 49 19 
27 21 23 
43 24 25 
12 11 24 
44 25 31 
24 11 25 
44 43 25 
31 11 13 
8 39 13 
30 21 27 
5 29 36 
26 13 28 
23 37 27 
13 39 28 
16 30 18 
27 33 30 
39 57 26 
25 11 31 
59 32 52 
42 12 32 
19 38 23 
40 18 33 
49 38 19 
19 17 34 
36 35 9 
52 44 59 
37 38 45 
47 50 62 
38 37 23 
40 33 37 
34 61 49 
40 29 18 
28 39 26 
64 47 62 
45 40 37 
45 55 40 
8 41 39 
36 48 50 
1 42 109 
1 12 42 
26 46 31 
32 24 43 
46 44 31 
52 43 44 
65 51 55 
51 29 40 
57 46 26 
57 60 46 
41 71 39 
41 35 47 
51 48 29 
36 29 48 
53 58 34 
54 38 49 
69 67 51 
47 36 50 
55 51 40 
50 48 51 
46 60 44 
32 43 52 
70 34 58 
34 17 53 
61 54 49 
45 38 54 
61 75 45 
51 67 50 
91 56 73 
42 32 56 
41 47 64 
59 77 79 
66 58 63 
53 14 63 
60 59 44 
68 77 59 
39 71 72 
68 59 60 
75 78 45 
45 54 61 
74 95 82 
64 71 41 
66 63 2 
58 53 63 
50 67 62 
39 72 57 
45 65 55 
83 61 76 
96 76 85 
70 58 66 
82 64 62 
82 62 67 
57 81 60 
73 56 32 
65 69 51 
65 74 69 
85 70 66 
61 34 70 
67 74 82 
72 81 57 
89 99 81 
81 87 68 
79 80 32 
91 109 56 
97 74 90 
67 69 74 
86 75 83 
61 70 76 
85 76 70 
83 75 61 
60 81 68 
80 73 32 
65 78 74 
65 45 78 
59 79 32 
109 159 189 
77 93 79 
84 73 80 
71 94 72 
87 77 68 
106 105 93 
92 64 82 
88 83 76 
86 78 75 
79 84 80 
77 87 102 
103 96 85 
88 86 83 
90 86 88 
90 78 86 
72 89 81 
93 105 84 
96 100 76 
95 104 82 
64 92 98 
77 106 93 
97 90 88 
74 78 90 
84 91 73 
84 79 93 
104 92 82 
98 71 64 
81 99 87 
137 107 114 
101 120 94 
89 72 94 
97 111 74 
101 94 71 
66 103 85 
100 110 88 
76 100 88 
111 119 123 
101 98 92 
101 71 98 
87 99 102 
89 94 114 
103 100 96 
113 110 100 
108 101 92 
114 128 137 
77 102 106 
99 89 107 
112 103 66 
110 97 88 
108 104 95 
108 92 104 
84 105 115 
102 99 107 
107 106 102 
118 121 105 
101 108 120 
121 109 115 
111 116 119 
114 107 89 
56 109 42 
91 84 115 
103 133 113 
111 123 95 
74 111 95 
116 117 119 
2 112 66 
133 110 113 
103 113 100 
103 112 138 
95 122 108 
136 129 149 
91 115 109 
105 106 118 
97 116 111 
117 110 126 
97 117 116 
97 110 117 
107 118 106 
107 124 118 
127 130 122 
120 114 94 
122 125 108 
125 122 132 
136 121 129 
115 105 121 
123 122 95 
125 120 108 
117 126 119 
163 143 151 
129 124 107 
121 118 124 
123 126 130 
128 144 150 
119 126 123 
110 131 140 
123 127 122 
123 130 127 
120 128 114 
120 125 141 
124 129 121 
177 146 170 
122 130 135 
126 110 140 
133 131 110 
133 147 131 
125 132 143 
130 126 145 
138 133 103 
135 132 122 
160 134 146 
109 121 134 
140 145 126 
143 141 125 
121 136 134 
129 107 139 
107 137 139 
153 141 143 
2 206 112 
152 154 133 
129 139 142 
174 183 159 
147 156 140 
135 151 132 
120 141 144 
151 135 148 
149 142 146 
139 137 155 
130 145 135 
180 162 163 
153 144 141 
128 120 144 
131 147 140 
151 143 132 
136 146 134 
157 155 170 
138 152 133 
168 156 147 
145 148 135 
148 145 167 
136 149 146 
129 142 149 
166 172 150 
165 128 150 
167 156 175 
153 150 144 
112 206 138 
154 147 133 
148 163 151 
196 230 269 
158 154 152 
156 145 140 
139 155 157 
137 128 164 
169 156 168 
162 153 143 
142 157 170 
142 139 157 
161 158 152 
161 154 158 
189 159 183 
109 134 159 
142 170 146 
159 134 160 
138 161 152 
178 181 169 
163 162 143 
200 211 201 
175 163 167 
269 3 189 
137 164 171 
193 163 175 
128 165 164 
150 153 166 
162 166 153 
162 173 166 
148 167 163 
145 156 167 
154 169 147 
154 161 178 
147 169 168 
229 192 207 
160 146 176 
197 164 179 
155 171 182 
155 137 171 
165 172 179 
165 150 172 
172 173 179 
172 166 173 
160 174 159 
183 190 196 
169 192 156 
162 186 173 
177 176 146 
174 160 176 
182 188 170 
174 176 177 
154 178 169 
161 185 187 
165 179 164 
186 162 180 
163 194 180 
186 197 179 
169 181 192 
178 161 181 
155 182 170 
171 164 184 
177 183 174 
177 170 190 
171 184 182 
179 173 186 
198 185 206 
161 138 206 
163 193 194 
180 200 186 
198 187 185 
181 161 187 
170 188 199 
182 184 202 
1 189 3 
1 109 189 
177 190 183 
199 188 209 
156 191 175 
211 197 201 
156 192 205 
181 187 198 
191 195 175 
226 218 192 
180 194 200 
236 225 231 
175 195 205 
191 156 195 
183 196 189 
213 188 202 
164 197 208 
220 184 208 
212 198 206 
204 181 198 
190 199 209 
190 170 199 
224 200 203 
194 193 203 
186 201 197 
186 200 201 
182 202 188 
184 164 208 
194 203 200 
214 217 205 
212 204 198 
192 181 204 
217 175 205 
195 156 205 
254 206 4 
185 161 206 
218 214 205 
192 204 207 
210 208 197 
210 228 220 
190 209 196 
224 231 221 
225 235 210 
215 219 223 
224 211 200 
221 197 211 
240 212 206 
207 204 212 
188 213 222 
202 184 215 
193 175 216 
205 192 218 
223 213 202 
223 202 215 
233 216 217 
203 193 216 
242 217 226 
216 175 217 
212 227 207 
217 214 218 
236 244 235 
215 184 220 
210 220 208 
219 215 220 
224 221 211 
210 197 221 
239 222 223 
209 188 222 
232 237 219 
222 213 223 
231 225 221 
225 210 221 
203 231 224 
237 235 244 
249 226 229 
217 218 226 
252 227 240 
229 207 227 
237 228 235 
232 220 228 
251 229 227 
226 192 229 
209 230 196 
209 222 234 
216 233 203 
246 265 230 
237 232 228 
219 220 232 
248 233 242 
245 203 233 
239 234 222 
238 209 234 
210 235 228 
231 203 241 
260 271 273 
235 225 236 
238 239 246 
250 219 237 
239 238 234 
230 209 238 
219 250 223 
243 246 239 
254 240 206 
227 212 240 
245 260 247 
236 231 241 
255 242 226 
233 217 242 
223 243 239 
237 244 259 
241 280 272 
256 246 243 
260 241 247 
247 203 245 
238 246 230 
274 260 273 
258 263 245 
241 203 247 
266 248 255 
258 233 248 
262 249 251 
257 226 249 
243 250 256 
243 223 250 
261 251 252 
249 229 251 
268 252 253 
251 227 252 
281 253 254 
252 240 253 
281 254 4 
253 240 254 
262 264 257 
248 242 255 
237 259 250 
279 246 256 
261 262 251 
255 226 257 
266 258 248 
245 233 258 
280 282 272 
288 250 259 
275 260 263 
241 272 236 
284 275 263 
264 255 257 
249 262 257 
264 266 255 
278 263 258 
260 245 263 
267 264 262 
266 276 258 
250 288 256 
277 291 230 
270 266 264 
289 290 304 
261 267 262 
261 285 267 
286 268 281 
261 252 268 
196 269 189 
230 265 277 
267 285 264 
264 285 270 
275 271 260 
272 244 236 
244 282 259 
282 244 272 
275 287 273 
280 241 273 
241 274 273 
241 260 274 
278 284 263 
273 271 275 
270 285 266 
273 292 280 
246 279 265 
291 296 230 
276 278 258 
276 289 278 
294 279 256 
283 265 279 
275 284 287 
288 294 256 
299 281 4 
268 253 281 
303 311 294 
298 300 283 
294 301 279 
277 265 283 
266 285 290 
292 302 280 
309 285 305 
261 286 299 
299 286 281 
261 268 286 
273 287 292 
297 289 304 
282 295 259 
283 300 291 
278 289 297 
276 266 290 
306 290 285 
289 276 290 
308 291 300 
277 283 291 
284 304 307 
315 314 317 
269 293 3 
269 230 293 
259 295 288 
296 316 293 
288 295 303 
282 280 302 
316 296 310 
293 230 296 
284 297 304 
284 278 297 
279 298 283 
291 308 310 
305 299 4 
305 261 299 
279 301 298 
298 301 300 
288 303 294 
312 282 302 
287 284 307 
310 318 316 
312 311 303 
313 314 315 
302 304 306 
307 292 287 
309 305 4 
285 261 305 
302 306 4 
304 290 306 
302 307 304 
302 292 307 
301 313 300 
301 294 311 
306 309 4 
306 285 309 
291 310 296 
314 301 311 
295 312 303 
312 4 318 
282 312 295 
302 4 312 
308 313 315 
308 300 313 
317 314 311 
313 301 314 
318 315 317 
310 308 315 
293 316 3 
310 315 318 
312 318 311 
318 3 316 
311 318 317 
4 3 318 

3 633 2 
39 35 38 
0 7 4 
374 0 4 
3 2 9 
66 97 91 
26 29 56 
2 408 272 
27 15 13 
11 19 4 
31 65 40 
17 28 9 
22 66 91 
8 18 19 
63 56 57 
32 22 8 
25 30 31 
25 31 11 
13 50 49 
13 21 9 
45 83 61 
45 81 19 
78 15 12 
49 53 82 
25 122 113 
24 16 17 
33 6 36 
29 33 8 
35 11 40 
35 6 27 
16 113 103 
16 10 17 
66 15 52 
27 26 37 
57 54 71 
29 28 1 
26 73 37 
33 36 52 
1 41 43 
1 51 56 
28 10 41 
38 40 62 
64 65 72 
38 54 51 
47 48 83 
47 20 21 
59 84 48 
59 44 45 
44 46 85 
18 23 59 
55 18 78 
43 57 39 
93 32 37 
55 74 23 
34 43 70 
74 53 50 
14 6 39 
14 51 34 
88 74 125 
49 46 47 
101 67 154 
20 109 81 
70 41 64 
14 71 73 
62 42 95 
103 42 10 
12 32 5 
114 60 85 
105 76 70 
124 75 97 
54 62 68 
34 76 63 
104 42 137 
36 63 87 
58 53 55 
69 130 110 
71 68 77 
98 76 126 
90 50 22 
99 97 93 
214 375 81 
61 80 21 
84 23 88 
44 101 20 
46 82 100 
48 67 101 
98 126 134 
73 98 92 
82 58 89 
100 88 132 
116 78 121 
5 110 12 
93 87 99 
92 79 52 
102 103 123 
64 104 105 
107 134 145 
79 69 5 
87 77 86 
92 107 79 
114 84 89 
85 60 83 
94 129 137 
30 94 65 
95 72 119 
95 119 68 
118 119 149 
124 99 96 
133 178 143 
133 214 61 
75 121 91 
156 154 115 
123 122 129 
24 123 30 
67 100 117 
111 117 159 
158 125 90 
114 150 115 
153 106 163 
104 106 105 
173 138 218 
90 110 181 
24 220 112 
113 112 94 
131 69 107 
139 58 116 
86 77 153 
147 162 149 
148 166 172 
112 136 102 
75 131 161 
124 138 130 
150 89 139 
109 151 108 
96 86 135 
145 134 152 
129 188 148 
102 147 72 
120 131 145 
132 125 170 
182 170 201 
159 150 182 
151 154 164 
214 108 226 
177 176 186 
135 138 96 
149 167 163 
148 127 137 
147 136 128 
106 127 146 
141 117 132 
133 142 157 
177 135 153 
118 152 126 
142 60 111 
314 375 315 
179 111 175 
151 164 178 
185 116 187 
115 141 165 
171 175 227 
130 180 174 
127 190 167 
118 146 169 
157 142 179 
194 200 159 
128 188 196 
146 162 168 
167 176 169 
163 168 177 
140 139 185 
206 179 160 
190 128 196 
180 120 204 
192 181 161 
160 156 200 
168 203 144 
169 144 152 
108 157 215 
156 171 164 
161 173 205 
121 174 193 
194 141 140 
213 199 270 
235 187 210 
158 195 170 
218 144 228 
158 193 184 
166 136 202 
203 190 197 
189 162 172 
248 217 212 
174 198 193 
181 192 187 
207 165 182 
235 213 185 
172 166 222 
189 222 221 
192 205 210 
307 183 252 
208 175 165 
213 207 140 
188 220 223 
176 189 231 
173 224 205 
180 204 198 
239 215 171 
201 208 194 
200 207 232 
239 227 245 
241 184 198 
226 239 265 
219 191 228 
201 195 183 
80 109 143 
206 226 178 
221 222 262 
240 218 191 
217 120 186 
242 212 230 
202 122 272 
197 216 258 
197 196 216 
300 262 202 
236 204 240 
295 294 238 
211 143 215 
232 209 160 
212 186 230 
257 242 231 
219 228 231 
229 230 203 
227 208 233 
245 232 244 
256 250 251 
195 184 252 
241 224 237 
263 260 236 
254 225 268 
209 211 206 
224 217 250 
210 236 253 
248 219 229 
287 302 320 
233 269 254 
233 254 209 
261 251 248 
299 297 285 
246 191 242 
286 257 258 
234 240 251 
234 250 246 
199 235 285 
267 278 241 
238 245 244 
316 363 348 
282 263 234 
249 266 229 
249 221 259 
286 258 301 
287 267 237 
266 282 246 
216 223 290 
237 256 277 
288 336 317 
268 315 211 
261 257 305 
253 260 271 
288 265 238 
270 274 244 
281 269 183 
267 309 284 
300 220 7 
301 290 304 
311 295 269 
314 344 362 
305 286 291 
287 263 279 
284 285 253 
292 302 277 
316 294 295 
339 306 270 
292 256 261 
320 356 355 
278 271 299 
278 247 252 
276 249 259 
260 277 243 
264 268 294 
360 310 306 
273 262 318 
276 334 308 
279 282 293 
331 330 292 
280 288 225 
280 225 274 
341 327 343 
247 341 326 
378 322 331 
247 284 327 
367 223 272 
259 273 332 
243 279 330 
583 534 456 
273 312 313 
266 276 331 
289 311 281 
326 324 199 
291 334 346 
271 320 328 
289 316 311 
306 310 274 
304 318 313 
304 312 333 
275 388 155 
317 155 265 
255 280 310 
264 344 315 
312 290 367 
358 352 359 
309 243 283 
379 399 418 
330 298 325 
374 534 582 
361 339 307 
322 424 368 
354 307 297 
328 296 299 
327 309 329 
343 328 347 
322 302 293 
298 293 305 
334 301 352 
359 352 313 
308 291 332 
411 451 455 
348 349 264 
354 357 390 
364 360 339 
324 338 281 
342 354 341 
296 340 297 
365 340 343 
329 342 296 
275 317 349 
414 388 376 
380 308 358 
365 329 355 
336 255 351 
336 351 344 
372 360 400 
348 362 349 
319 332 333 
370 371 409 
337 326 340 
283 369 347 
384 283 368 
337 365 398 
405 346 319 
371 319 333 
350 289 338 
401 364 324 
275 351 376 
395 376 255 
373 338 361 
347 357 342 
409 392 370 
300 409 318 
397 356 325 
399 355 384 
353 366 381 
353 381 359 
377 395 350 
423 400 364 
323 3 375 
155 374 80 
345 362 363 
441 394 372 
382 298 387 
398 321 419 
425 407 346 
370 393 371 
386 378 387 
425 455 449 
402 369 356 
444 479 469 
407 406 382 
407 382 378 
534 314 345 
400 426 422 
412 401 337 
401 436 435 
366 420 404 
381 404 405 
377 414 395 
372 394 363 
402 446 418 
429 402 368 
379 357 399 
321 398 369 
389 350 373 
390 391 361 
396 384 397 
406 410 433 
393 392 421 
393 411 358 
386 403 431 
380 386 387 
7 504 476 
367 366 353 
403 425 433 
421 335 405 
390 439 436 
453 436 466 
456 345 394 
444 438 446 
466 445 469 
474 427 437 
321 396 438 
379 438 439 
392 476 477 
404 432 411 
443 441 389 
435 427 373 
431 429 325 
383 410 380 
389 427 443 
423 417 426 
431 481 458 
424 458 397 
449 480 481 
406 428 424 
451 421 477 
410 449 403 
447 469 539 
391 437 423 
391 412 413 
435 461 417 
419 418 415 
419 445 412 
443 482 464 
422 457 377 
471 461 460 
426 440 422 
445 415 385 
439 444 416 
415 396 467 
434 483 452 
455 499 495 
383 430 433 
477 503 501 
432 454 335 
466 447 460 
413 460 461 
451 501 499 
335 448 383 
303 414 473 
464 465 441 
463 429 428 
535 488 550 
453 452 442 
453 442 437 
481 507 493 
458 513 487 
457 440 472 
457 472 473 
452 413 416 
491 479 446 
547 489 538 
385 434 416 
475 488 472 
442 508 474 
465 464 470 
465 488 456 
497 417 471 
470 482 485 
420 408 505 
420 450 432 
486 487 523 
467 517 385 
430 511 507 
430 462 428 
475 440 497 
540 508 447 
514 517 543 
475 496 509 
491 478 545 
463 478 491 
459 473 470 
468 544 545 
523 513 522 
487 486 467 
507 521 512 
462 512 513 
499 510 520 
448 520 511 
526 485 497 
474 496 482 
501 533 510 
454 494 448 
503 559 533 
450 498 454 
505 504 559 
505 500 450 
408 558 502 
476 502 503 
519 520 524 
480 492 462 
515 471 483 
485 554 550 
494 498 530 
495 519 480 
493 492 525 
493 490 463 
541 484 587 
508 584 526 
523 518 538 
539 479 484 
516 546 556 
511 506 521 
506 495 494 
492 519 528 
490 552 546 
490 516 478 
506 530 536 
552 512 575 
557 496 515 
551 535 579 
521 537 548 
609 571 577 
524 510 531 
536 530 607 
559 568 569 
500 569 498 
323 388 303 
563 527 459 
537 524 531 
548 528 536 
468 516 547 
434 517 541 
572 483 541 
539 514 540 
570 547 556 
544 549 484 
489 543 545 
489 544 486 
518 522 591 
538 542 468 
564 528 537 
565 543 570 
555 459 509 
589 527 616 
522 525 553 
574 552 577 
509 557 562 
550 592 563 
600 542 518 
554 526 598 
504 594 568 
502 532 500 
613 598 602 
573 592 597 
596 554 613 
555 579 535 
576 575 548 
587 549 611 
607 606 615 
568 595 569 
532 558 567 
532 567 533 
605 549 542 
529 590 574 
584 540 620 
578 579 561 
571 591 553 
564 577 525 
564 615 609 
575 529 553 
573 623 593 
573 527 563 
610 600 590 
624 626 603 
628 323 583 
589 582 303 
586 515 572 
628 589 588 
618 598 584 
565 599 514 
616 601 585 
551 585 583 
571 580 591 
574 590 546 
561 555 596 
627 616 578 
558 606 595 
567 594 607 
597 592 562 
612 561 596 
560 557 586 
587 621 620 
580 605 556 
631 588 629 
560 618 630 
581 622 625 
609 608 610 
570 600 611 
594 614 566 
595 566 531 
614 621 604 
576 604 529 
580 604 611 
605 610 565 
623 597 625 
560 617 562 
606 608 615 
566 614 576 
588 551 593 
613 624 625 
602 586 620 
633 630 621 
618 572 599 
619 599 608 
603 627 623 
612 622 578 
617 632 581 
617 603 612 
581 632 629 
622 629 593 
631 582 585 
626 601 627 
632 602 619 
628 601 633 
626 624 630 
631 619 0 
